NACA 0018
     0.450000    0.000851
     0.449471    0.000962
     0.448510    0.001164
     0.447272    0.001423
     0.445815    0.001726
     0.444173    0.002067
     0.442369    0.002440
     0.440420    0.002841
     0.438339    0.003266
     0.436138    0.003714
     0.433825    0.004181
     0.431410    0.004666
     0.428898    0.005167
     0.426297    0.005682
     0.423611    0.006211
     0.420846    0.006751
     0.418006    0.007302
     0.415095    0.007862
     0.412118    0.008430
     0.409077    0.009007
     0.405977    0.009589
     0.402820    0.010178
     0.399610    0.010772
     0.396348    0.011370
     0.393038    0.011972
     0.389682    0.012577
     0.386283    0.013185
     0.382843    0.013794
     0.379364    0.014405
     0.375847    0.015017
     0.372296    0.015629
     0.368712    0.016242
     0.365097    0.016854
     0.361452    0.017464
     0.357779    0.018074
     0.354080    0.018682
     0.350357    0.019288
     0.346611    0.019891
     0.342844    0.020491
     0.339056    0.021089
     0.335250    0.021682
     0.331427    0.022272
     0.327588    0.022858
     0.323735    0.023439
     0.319868    0.024016
     0.315989    0.024587
     0.312099    0.025153
     0.308200    0.025713
     0.304293    0.026267
     0.300378    0.026815
     0.296456    0.027356
     0.292530    0.027890
     0.288600    0.028417
     0.284667    0.028937
     0.280731    0.029449
     0.276795    0.029953
     0.272859    0.030448
     0.268923    0.030935
     0.264990    0.031413
     0.261059    0.031882
     0.257132    0.032341
     0.253210    0.032791
     0.249294    0.033231
     0.245384    0.033660
     0.241481    0.034079
     0.237586    0.034487
     0.233700    0.034884
     0.229824    0.035270
     0.225959    0.035644
     0.222105    0.036006
     0.218263    0.036356
     0.214435    0.036693
     0.210620    0.037018
     0.206819    0.037330
     0.203034    0.037629
     0.199265    0.037914
     0.195512    0.038186
     0.191777    0.038444
     0.188060    0.038688
     0.184362    0.038917
     0.180683    0.039132
     0.177025    0.039332
     0.173387    0.039517
     0.169772    0.039687
     0.166178    0.039842
     0.162607    0.039981
     0.159060    0.040104
     0.155537    0.040211
     0.152039    0.040302
     0.148566    0.040377
     0.145120    0.040436
     0.141700    0.040478
     0.138307    0.040503
     0.134943    0.040512
     0.131606    0.040503
     0.128299    0.040478
     0.125022    0.040435
     0.121775    0.040376
     0.118559    0.040299
     0.115374    0.040204
     0.112222    0.040093
     0.109101    0.039964
     0.106014    0.039817
     0.102961    0.039653
     0.099942    0.039471
     0.096958    0.039272
     0.094009    0.039056
     0.091096    0.038822
     0.088219    0.038570
     0.085379    0.038301
     0.082577    0.038015
     0.079812    0.037712
     0.077086    0.037391
     0.074399    0.037053
     0.071752    0.036698
     0.069144    0.036326
     0.066577    0.035937
     0.064051    0.035532
     0.061567    0.035110
     0.059124    0.034671
     0.056724    0.034217
     0.054367    0.033746
     0.052053    0.033259
     0.049783    0.032756
     0.047558    0.032238
     0.045377    0.031704
     0.043242    0.031155
     0.041153    0.030590
     0.039109    0.030011
     0.037113    0.029417
     0.035163    0.028809
     0.033262    0.028187
     0.031408    0.027550
     0.029603    0.026900
     0.027847    0.026236
     0.026140    0.025558
     0.024483    0.024868
     0.022876    0.024164
     0.021320    0.023448
     0.019815    0.022719
     0.018362    0.021978
     0.016961    0.021225
     0.015612    0.020460
     0.014316    0.019683
     0.013073    0.018895
     0.011884    0.018096
     0.010749    0.017285
     0.009668    0.016464
     0.008643    0.015632
     0.007673    0.014790
     0.006758    0.013938
     0.005900    0.013075
     0.005098    0.012202
     0.004353    0.011320
     0.003666    0.010427
     0.003036    0.009526
     0.002464    0.008614
     0.001951    0.007694
     0.001497    0.006764
     0.001102    0.005825
     0.000767    0.004877
     0.000492    0.003919
     0.000277    0.002953
     0.000123    0.001978
     0.000031    0.000993
     0.000000    0.000000
     0.000031   -0.000993
     0.000123   -0.001978
     0.000277   -0.002953
     0.000492   -0.003919
     0.000767   -0.004877
     0.001102   -0.005825
     0.001497   -0.006764
     0.001951   -0.007694
     0.002464   -0.008614
     0.003036   -0.009526
     0.003666   -0.010427
     0.004353   -0.011320
     0.005098   -0.012202
     0.005900   -0.013075
     0.006758   -0.013938
     0.007673   -0.014790
     0.008643   -0.015632
     0.009668   -0.016464
     0.010749   -0.017285
     0.011884   -0.018096
     0.013073   -0.018895
     0.014316   -0.019683
     0.015612   -0.020460
     0.016961   -0.021225
     0.018362   -0.021978
     0.019815   -0.022719
     0.021320   -0.023448
     0.022876   -0.024164
     0.024483   -0.024868
     0.026140   -0.025558
     0.027847   -0.026236
     0.029603   -0.026900
     0.031408   -0.027550
     0.033262   -0.028187
     0.035163   -0.028809
     0.037113   -0.029417
     0.039109   -0.030011
     0.041153   -0.030590
     0.043242   -0.031155
     0.045377   -0.031704
     0.047558   -0.032238
     0.049783   -0.032756
     0.052053   -0.033259
     0.054367   -0.033746
     0.056724   -0.034217
     0.059124   -0.034671
     0.061567   -0.035110
     0.064051   -0.035532
     0.066577   -0.035937
     0.069144   -0.036326
     0.071752   -0.036698
     0.074399   -0.037053
     0.077086   -0.037391
     0.079812   -0.037712
     0.082577   -0.038015
     0.085379   -0.038301
     0.088219   -0.038570
     0.091096   -0.038822
     0.094009   -0.039056
     0.096958   -0.039272
     0.099942   -0.039471
     0.102961   -0.039653
     0.106014   -0.039817
     0.109101   -0.039964
     0.112222   -0.040093
     0.115374   -0.040204
     0.118559   -0.040299
     0.121775   -0.040376
     0.125022   -0.040435
     0.128299   -0.040478
     0.131606   -0.040503
     0.134943   -0.040512
     0.138307   -0.040503
     0.141700   -0.040478
     0.145120   -0.040436
     0.148566   -0.040377
     0.152039   -0.040302
     0.155537   -0.040211
     0.159060   -0.040104
     0.162607   -0.039981
     0.166178   -0.039842
     0.169772   -0.039687
     0.173387   -0.039517
     0.177025   -0.039332
     0.180683   -0.039132
     0.184362   -0.038917
     0.188060   -0.038688
     0.191777   -0.038444
     0.195512   -0.038186
     0.199265   -0.037914
     0.203034   -0.037629
     0.206819   -0.037330
     0.210620   -0.037018
     0.214435   -0.036693
     0.218263   -0.036356
     0.222105   -0.036006
     0.225959   -0.035644
     0.229824   -0.035270
     0.233700   -0.034884
     0.237586   -0.034487
     0.241481   -0.034079
     0.245384   -0.033660
     0.249294   -0.033231
     0.253210   -0.032791
     0.257132   -0.032341
     0.261059   -0.031882
     0.264990   -0.031413
     0.268923   -0.030935
     0.272859   -0.030448
     0.276795   -0.029953
     0.280731   -0.029449
     0.284667   -0.028937
     0.288600   -0.028417
     0.292530   -0.027890
     0.296456   -0.027356
     0.300378   -0.026815
     0.304293   -0.026267
     0.308200   -0.025713
     0.312099   -0.025153
     0.315989   -0.024587
     0.319868   -0.024016
     0.323735   -0.023439
     0.327588   -0.022858
     0.331427   -0.022272
     0.335250   -0.021682
     0.339056   -0.021089
     0.342844   -0.020491
     0.346611   -0.019891
     0.350357   -0.019288
     0.354080   -0.018682
     0.357779   -0.018074
     0.361452   -0.017464
     0.365097   -0.016854
     0.368712   -0.016242
     0.372296   -0.015629
     0.375847   -0.015017
     0.379364   -0.014405
     0.382843   -0.013794
     0.386283   -0.013185
     0.389682   -0.012577
     0.393038   -0.011972
     0.396348   -0.011370
     0.399610   -0.010772
     0.402820   -0.010178
     0.405977   -0.009589
     0.409077   -0.009007
     0.412118   -0.008430
     0.415095   -0.007862
     0.418006   -0.007302
     0.420846   -0.006751
     0.423611   -0.006211
     0.426297   -0.005682
     0.428898   -0.005167
     0.431410   -0.004666
     0.433825   -0.004181
     0.436138   -0.003714
     0.438339   -0.003266
     0.440420   -0.002841
     0.442369   -0.002440
     0.444173   -0.002067
     0.445815   -0.001726
     0.447272   -0.001423
     0.448510   -0.001164
     0.449471   -0.000962
     0.450000   -0.000851
